1000000000 -0.1249797502830373
1200000000 0.14980287377483292
1400000000 -0.17453192906452003
1600000000 0.19915134119620137
1800000000 -0.2236457356622074
2000000000 0.24799964127624055
2200000000 -0.27219779188839754
2400000000 0.29622496149988276
2600000000 -0.32006608886763876
2800000000 0.34370625669334437
3000000000 -0.367130505474185
3200000000 0.39032418022563253
3400000000 -0.41327282285743516
3600000000 0.435961802311239
3800000000 -0.4583770316420888
4000000000 0.48050432648848873
4200000000 -0.502329843582707
4400000000 0.5238399263167822
4600000000 -0.5450209631061613
4800000000 0.5658597028712037
5000000000 -0.5863430579710743
5200000000 0.6064581639620662
5400000000 -0.6261924806207664
5600000000 0.6455334262035292
5800000000 -0.6644690376219629
6000000000 0.6829871552781293
6200000000 -0.7010765011949758
6400000000 0.7187253704182978
6600000000 -0.7359230143641516
6800000000 0.7526584620435398
