260     729,1   2009    750     5   Львівська
140     227,1   2011    540     4   Івано-Франківська
190     217,1   2012    580     5   Тернопільська
240     216,1   2013    430     4   Волинська
150     115,9   2013    350     3   Закарпатська
140     85,5    2014    320     3   Закарпатська
170     76,9    2011    470     2   Львівська
136     67,9    2013    420     2   Львівська
90      69,1    2013    390     3   Волинська
145     67,6    2013    500     2   Івано-Франківська
118     61,4    2014    310     2   Івано-Франківська
107     59,9    2014    420     3   Львівська
92      53,3    2013    340     2   Волинська
89      38,9    2014    390     2   Волинська
46      29,4    2015    320     2   Львівська
67      28,6    2014    250     2   Тернопільська